id	icon_data	NAME	gold	gem	icon_id
0	1017,1018	Cờ xám	10000	-1	1027
1	1015,1016	Cờ đen	10000	-1	1026
2	1001,1002	Cờ xanh lá	10000	-1	1033
3	1003,1004	Cờ xanh biển	10000	-1	1032
4	1011,1012	Cờ hồng	10000	-1	1028
5	1009,1010	Cờ cam	10000	-1	1029
6	1005,1006	Cờ vàng	10000	-1	1031
7	1007,1008	Cờ tím	10000	-1	1030
8	1013,1014	Cờ xanh dạ	10000	-1	1025
9	987,988	Cờ đỏ	50000	-1	1034
10	1045,1046	Khăn xanh lá	50000	-1	1063
11	1047,1048	Khăn xanh dương	50000	-1	1064
12	1049,1050	Khăn vàng	50000	-1	1065
13	1051,1052	Khăn tím	50000	-1	1066
14	1053,1054	Khăn nâu	50000	-1	1067
15	1059,1060	Khăn xám	50000	-1	1070
16	1061,1062	Khăn đỏ	50000	-1	1072
17	1055,1056	Khăn hồng	50000	-1	1068
18	1057,1058	Khăn xanh dạ	50000	-1	1069
19	1024	Ba lô	-1	200	1038
20	995	Đao	-1	500	1044
21	999	Gậy	-1	400	1039
22	1000	Mai rùa	-1	300	1035
23	996	Giỏ bơ	100000	-1	1043
24	998	Giỏ dưa hấu	100000	-1	1040
25	989	Giỏ củ cải trắng	100000	-1	1036
26	990	Giỏ cà rốt	100000	-1	1037
27	997	Giỏ chuối	100000	-1	1042
28	736	Em bé	-1	-1	736
29	1073,1074	Gậy phép	-1	600	1084
30	2287	Viên ngọc Namếc	-1	-1	2287
31	2322	Viên ngọc sao đen	-1	-1	2322
32	4033,4084	Lồng đèn Ông Sao	-1	50	4124
33	4034,4035	Lồng đèn Cá chép	-1	50	4122
34	4036,4037	Lồng đèn Kéo Quân	-1	50	4121
35	4038,4039	Lồng đèn Ông trăng	-1	50	4123
36	4040,4041	Lồng đèn Hội An	-1	50	4120
37	7017,7018	Lưỡi hái Thần Chết	1000000000	-1	7019
38	7020,7021	Cánh dơi Dracula	1000000000	-1	7022
39	7064,7065	Bông tuyết	-1	-1	7066
40	7224,7225	Lồng đèn Cô Vy	-1	-1	7226
41	7228,7229	Lồng đèn Con tàu	-1	-1	7227
42	7231,7232	Lồng đèn Con gà	-1	-1	7230
43	7234,7235	Lồng đèn Con bướm	-1	-1	7233
44	7237,7238	Lồng đèn Đôrêmon	-1	-1	7236
45	7335,7336	Vòng sáng thiên thần	-1	-1	7334
46	7344,7345	Ma trơi	-1	-1	7352
47	7346,7347	Hồn ma Goku	-1	-1	7353
48	7348,7349	Hồn ma Ca đíc	-1	-1	7354
49	7350,7351	Hồn ma Pôcôlô	-1	-1	7355
50	7392,7391	Cây thông	-1	-1	7395
51	7394,7393	Túi quà	-1	-1	7396
52	7595,7596	Cây trúc	-1	-1	7597
53	7841,7840	Kiếm Z	-1	-1	7842
54	8929,8930	Bó Hoa Hồng	-1	-1	8933
55	8931,8932	Bó Hoa Vàng	-1	-1	8934
56	9359,9360	Trái bóng	-1	-1	9396
57	9400,9401	Cúp vàng	-1	-1	9402
58	9403,9404	Cờ cổ động	-1	-1	9403
59	9487,9488	Con tím	-1	-1	0
60	9600,9601	Vỏ ốc	-1	-1	9602
61	9603,9604	Cây kem	-1	-1	9605
62	9606,9607	Cá heo	-1	-1	9608
63	9609,9610	Con diều	-1	-1	9611
64	9612,9613	Diều rồng	-1	-1	9614
65	9622,9623	Mèo mun	-1	-1	9624
66	9625,9626	Xiên cá	-1	-1	9627
67	9628,9629	Phóng lợn	-1	-1	9630
68	9593	Ván lướt sóng	-1	-1	9594
69	9642,9643,9644,9645,9646,9647,9648	Kiếm ánh sáng	1000000000	-1	9649
70	9828,9828,9829,9830,9831,9832,9833	Búa Mjolnir	1000000000	-1	9815
71	9817,9817,9818,9819,9820,9821,9822,9823,9824,9825,9826,9827	Búa Stormbreaker	1000000000	-1	9814
72	9834,9835	Quạt ba tiêu	-1	-1	9816
73	9652,9653,9654,9655,9656,9657,9658,9659,9660,9661,9662,9663,9664,9665	Như Ý Kim Cô Bổng	-1	-1	9704
74	9678,9679,9680,9681,9682,9683,9684,9685,9686,9687,9688,9689	Cửu Xỉ Đinh Ba	-1	-1	9706
75	9690,9691,9692,9693,9694,9695,9696,9697,9698,9699,9700,9701	Nguyệt Nha Sản	-1	-1	9707
76	9666,9667,9668,9669,9670,9671,9672,9673,9674,9675,9676,9677	Cửu Hoàn Thiên Tích Trượng	-1	-1	9705
77	9702,9703	Dao răng cưa	1000000000	-1	9708
78	9839,9840	Cờ Hoa đăng	1000000000	-1	9843
79	9841,9842	Cờ Hoa sen	1000000000	-1	9844
80	9968,9969,9970,9971	Lồng đèn lon	-1	-1	9972
81	10487,10488	Chậu hoa ăn thịt	-1	-1	10486
82	10604,10605	Đinh ba Satan	-1	-1	10600
83	10606,10607	Chổi phù thủy	-1	-1	10601
84	10608,10609	Cánh thiên thần	-1	-1	10602
85	10610,10611	Cánh thiên thần 2	-1	-1	10603
86	10612,10613	Cây nắp ấm	-1	-1	10614
87	10615,10616	Cá Chà Bá	-1	-1	10617
88	10644,10645,10646,10647	Cờ logo Quatar 1	-1	-1	10638
89	10648,10649,10650,10651	Cờ logo Quatar 2	-1	-1	10639
90	10652,10653,10654,10655	Cờ giày vàng	-1	-1	10640
91	10656,10657	Cờ GOAL	-1	-1	10641
92	10658,10659	Cờ FIFA	-1	-1	10642
93	10660,10661,10662,10663	Quả Bóng Vàng	-1	-1	10643
94	10695,10696	Mèo mun đột biến	-1	-1	10697
95	10698,10699,10700,10701,10702,10703,10704,10705	Bong bóng heo	-1	-1	10706
96	10692,10693	Cánh thiên sứ hắc ám	-1	-1	10694
97	10814,10815	Chú lùn	-1	-1	10840
98	10816,10817,10818,10819	Chú lùn	-1	-1	10841
99	10820,10821,10822,10823	Chú lùn	-1	-1	10842
100	10824,10825,10826,10827	Chú lùn	-1	-1	10843
101	10828,10829,10830,10831	Chú lùn	-1	-1	10844
102	10832,10833,10834,10835	Chú lùn	-1	-1	10845
103	10836,10837,10838,10839	Chú lùn	-1	-1	10846
104	10896,10897,10898	Cành mai	-1	-1	10899
105	10900,10901,10902	Cành đào	-1	-1	10903
106	10868,10869,10870,10871,10872,10873,10874,10875	Bóng Vịt Vàng	-1	-1	10876
107	11242,11243,11244	Gậy thượng đế	-1	-1	11245
108	12770,12771,12772,12773	Chậu hoa hồng	-1	-1	12774
109	12775,12776,12777,12778,12779,12780,12781,12782	Bong bóng thiên thần	-1	-1	12783
110	12785,12786,12787,12788,12789,12790,12791,12792	Bong bóng hoa hồng	-1	-1	12784
111	12827,12828,12829,12830	Cánh thiên thần 3	-1	-1	12833
112	12835,12836,12837,12838,12839,12840,12841,12842	Bụi tre	-1	-1	12843
113	12945,12946,12947,12948,12949,12950,12951,12952	Mặt trời tí hon	-1	-1	12953
114	13000,13001,13002,13003,13004,13005	Gậy phép của Frieren	-1	-1	13006
115	13007,13008,13009	Goku bay	-1	-1	12998
116	13019,13020,13021,13022,13023,13024,13025,13026,13027,13028,13029,13030,13031	Cánh sấm sét	-1	-1	13032
117	13033,13034,13035,13036,13037,13038,13039,13040,13041,13042,13043,13044,13045	Cánh sấm sét hoàng kim	-1	-1	13046
118	13055,13056,13057,13058,13059,13060,13061,13062	Cờ ngọc rồng 1 sao	-1	-1	13063
119	13064,13065,13066,13067,13068,13069,13070,13071	Cờ ngọc rồng 2 sao	-1	-1	13118
120	13072,13073,13074,13075,13076,13077,13078,13079	Cờ ngọc rồng 3 sao	-1	-1	13080
121	13081,13082,13083,13084,13085,13086,13087,13088,13089	Cờ ngọc rồng 4 sao	-1	-1	13090
122	13091,13092,13093,13094,13095,13096,13097,13098	Cờ ngọc rồng 5 sao	-1	-1	13099
123	13100,13101,13102,13103,13104,13105,13106,13107	Cờ ngọc rồng 6 sao	-1	-1	13108
124	13109,13110,13111,13112,13113,13114,13115,13116	Cờ ngọc rồng 7 sao	-1	-1	13117
125	13119,13120,13121,13122,13123,13124,13125,13126	Cờ ngọc rồng Super	-1	-1	13175
126	13469,13470,13471,13472	Cá nóc nâu	-1	-1	13468
127	13473,13474,13475,13476	Cá nóc vàng	-1	-1	13467
128	13256,13257	Túi nước mía	-1	-1	13258
129	13495,13496,13497,13498	Trái bóng Euro	-1	-1	13500
130	13501,13502,13503,13504	Cup Euro	-1	-1	13505
131	13507,13508,13509,13510,13511,13512,13513,13514,13515,13516,13517,13518,13519,13520,13521,13522,13523,13524,13525,13526,13527,13528,13529,13530,13531,13532,13533,13534,13535,13536	Thẻ trọng tài	-1	-1	13538
132	13741,13742	Balo Capybara	-1	-1	13743
133	13744,13745	Balo Capybara hồng	-1	-1	13746
134	13749,13750,13751,13752,13753,13754,13755,13756,13757,13758,13759,13760	Lồng đèn kéo quân NRO	-1	-1	13761
135	13802,13803,13804,13805	Cờ Olympic	-1	-1	13806
136	13807,13808,13809,13810,13811,13812,13813,13814,13815,13816,13817,13818,13819,13820,13821,13822,13823,13824,13825,13826,13827,13828,13829,13830,13831,13832,13833,13834,13835,13836,13837,13838,13839,13840,13841,13842,13843,13844,13845,13846,13847,13848,13849,13850,13851	Hỏa tiêm thương	-1	-1	13852
137	13853,13854,13855,13856,13857,13858,13859,13860	Cờ Hải Ly xe máy	-1	-1	13879
138	13950,13951	Cờ Goku bay	-1	-1	13952
139	13050,13051	Cờ Hắc Vô Thường	-1	-1	13052
140	13047,13048	Cờ Bạch Vô Thường	-1	-1	13049
141	13993,13994	Labubu	-1	-1	13995
142	14079,14079	Bồ cào 9 răng	-1	-1	14080
143	14250,13996,13997,13998,13999,14000,14001,14002,14003,14004,14005,14006,14007,14008,14009	Lưỡi hái hồng	-1	-1	14010
144	14243,14244,14245,14246	Khủng Long Thơ Mộng	-1	-1	14242
145	14243,14244,14245,14246	Cá Koi zombie	-1	-1	14261
146	14265,14266,14267,14268,14269,14270	Cánh Thiên thần - Ác quỷ	-1	-1	14271
147	14338,14339,14340,14341	Đeo lưng dụng cụ học tập	-1	-1	14337
148	14994,14995,14996,14997,14998,14999,15000	Diều rồng băng	-1	-1	14511
149	14987,14988,14990,14991,14992	Đeo lưng Kẹo Noel	-1	-1	14532
150	14635,14636,14637,14638,14639,14640,14641,14642,14643,14644,14645	Bóng sinh nhật NRO	-1	-1	14646
151	13127,13128,13129,13130,13131,13132,13133,13134	Đuôi rắn xanh	-1	-1	14656
152	13135,13136,13137,13138,13139,13140,13141,13142	Đuôi rắn rực lửa	-1	-1	14651
153	13143,13144,13145,13146,13147,13148,13149,13150	Rìu Sơn Tinh	-1	-1	15001
154	16831,16832,16833,16834	Giáo Thủy Tinh	-1	-1	14993
155	16217,16218,16219,16220,16221,16222	Đeo lưng bạch tuộc Xanh cáu kỉnh	-1	-1	15331
156	16175,16176,16177,16178,16179,16180	Đeo lưng bạch tuộc Hồng	-1	-1	15334
157	15336,15335	Đeo lưng bạch tuộc Vàng	-1	-1	15337
158	15339,15338	Đeo lưng bạch tuộc Xanh	-1	-1	15340
159	15394,15395,15396,15397,15398,15399,15400,15401,15402,15403,15404,15405,15406,15407,15408,15409,15410	Bông cúc	-1	-1	15411
160	15486,15487,15488,15489,15490,15491,15492,15493,15494	Đeo lưng ẩm thực	-1	-1	15495
161	15623,15624,15625,15626,15627,15628,15629,15630,15631,15632,15633,15634,15635,15636,15637,15638,15639,15640,15641,15642	Cờ Quả Cầu Pokemon	-1	-1	15685
162	15804,15805,15806,15807,15808,15809	Lồng đèn 2 lon	-1	-1	15803
163	15845,15846,15847,15848,15849,15850,15851,15852,15853,15854,15855,15856,15857,15858,15859	Thùng rác	-1	-1	15860
164	16133,16134,16135,16136	Đeo lưng Cú con cưng	-1	-1	16137
165	16140,16141,16142,16143	Bó Hoa Hồng 2 Mới	-1	-1	16144
166	16175,16176,16177,16178,16179,16180	Cánh thiên thần sa ngã	-1	-1	16174
167	16217,16218,16219,16220,16221,16222	Cánh thiên thần sa ngã (Đệ)	-1	-1	16223
168	16326,16326	Ba lô ngọc rồng	-1	-1	16327
169	16400,16401,16402,16403	Đeo lưng bông tuyết	-1	-1	16404
170	16532,16533,16534,16535,16536,16537,16538,16539	Đeo lưng lồng đèn Tết	-1	-1	16540
171	16550,16551,16552,16553,16554,16555,16556,16557,16558,16559,16560,16561,16562,16563,16564,16565,16566,16567,16568,16569,16570,16571	Pháo hoa NRO	-1	-1	16572
172	16573,16574,16575,16576	Đeo lưng Mãi Dell thành công	-1	-1	16577
173	16675,16676,16677,16678,16679,16680,16681,16682,16683,16684,16685,16686,16687,16688,16689,16690,16691,16692,16693,16694,16695,16696,16697,16698,16699	Đeo lưng Bao lì xì	-1	-1	16700
174	16711,16712,16713,16714	Bư tập tạ	-1	-1	16715
175	16716,16717,16718,16719	Cờ đeo lưng cớt hồng	-1	-1	16720
176	16754,16755,16756,16757	Yêu quái núi lãng lãng	-1	-1	16758
177	16831,16832,16833,16834	Cánh hào khí	-1	-1	16835
178	16931,16932,16933,16934	Bóng WC 2026	-1	-1	16935
179	16982,16983,16984,16985,16986,16987	Cờ đeo lưng sao may mắn	-1	-1	16981
180	17054,17055,17056,17057,17058,17059,17060,17061,17062,17063,17064,17065,17066,17067,17068,17069,17070,17071,17072,17073,17074,17075,17076,17077,17078,17079,17080,17081,17082,17083,17084,17085,17086,17087	Cờ Vạn Hoa Đồng	-1	-1	17088
181	17089,17090,17091,17092	Cờ World Cup 2026	-1	-1	17093
182	17409	Lồng đèn Hốc trưởng	-1	-1	17409
183	17576	Lồng đèn Thỏ trắng	-1	-1	17576
201	11118,11119	Trái tim Valentine	-1	-1	11047
205	11240,11241	Hào Quang Rực Rỡ	-1	-1	11239
206	11163	Cờ mèo Hoàng Thượng	-1	-1	11163
207	11216	Bóng khí Gas	-1	-1	11216
210	11422	Búa hắc hường	-1	-1	11422
230	11678	Cờ khỉ hoàng đế	-1	-1	11678
231	11679	Lồng đèn thỏ trắng	-1	-1	11679
234	11727	Con Cat hường	-1	-1	11727
235	11744	Cờ Ma đèn nhảy múa	-1	-1	11744
236	11746	Cờ hồn Xên Bọ Hung	-1	-1	11746
237	11747	Cờ hồn Mabư	-1	-1	11747
238	11745	Cờ Ma đèn hút hồn	-1	-1	11745
239	11879	Bút chì hồng	-1	-1	11879
246	12321	Kiếm Kitetsu	-1	-1	12321
249	12319	Gấu bắc cực	-1	-1	12319
250	12389	Cờ bao lì xì	-1	-1	12389
251	12402	Cờ dây pháo	-1	-1	12402
252	12658	Thanh Long Yển Nguyệt đao	-1	-1	12658
300	14250,13996,13997,13998,13999,14000,14001,14002,14003,14004,14005,14006,14007,14008,14009	Lưỡi hái	-1	-1	14010
736	737	Đứa bé	-1	-1	737
