head_id	avatar_id
1790	516
0	516
64	734
30	519
31	518
9	524
29	523
32	525
6	520
27	521
28	522
101	1359
102	1363
103	1358
104	1370
105	1360
106	1362
107	1365
108	1364
109	1368
110	1361
112	1369
111	1366
113	1367
127	1474
128	1476
126	1475
98	1357
77	2119
92	2134
89	1209
86	1356
83	2132
159	2136
162	2120
171	2121
123	2135
174	2122
192	2249
195	2249
196	2249
199	2249
197	2249
200	2249
198	2249
273	2789
274	2796
275	2797
276	2790
277	2791
278	2794
279	2792
280	2795
281	2793
291	2892
294	2893
183	3005
186	3006
189	3007
285	3008
288	3010
282	3009
304	3011
305	3013
303	3012
310	3050
309	3051
306	3049
240	3052
314	3115
311	3116
341	3376
329	3375
332	3374
335	3373
323	3371
326	3372
168	3775
177	3776
180	3777
353	3787
377	3789
350	3788
344	3785
347	3786
380	3895
383	3897
391	3932
400	4026
359	4027
394	4031
403	4118
406	4117
409	4119
412	4134
454	4423
249	4424
255	4425
228	4428
231	4427
234	4426
457	4516
460	4518
461	4517
462	4520
465	4519
264	4679
252	5218
246	5219
261	5220
297	4674
451	5009
415	4673
418	5008
545	11756
547	11757
546	11758
542	5208
561	5239
560	5241
562	5240
566	5337
570	5342
563	5341
569	5338
536	5343
538	5339
371	4686
397	4384
517	5340
573	5430
579	5431
576	5429
582	5717
585	5718
588	5715
591	5719
606	5716
600	5713
594	5720
597	5714
603	5712
502	5722
493	5725
496	5726
499	5727
237	1361
243	5728
612	5825
615	5824
618	5826
627	5929
630	5930
633	5931
651	6100
654	6099
642	6090
696	6506
684	6507
693	6509
687	6503
681	6508
690	6504
678	6505
554	564
356	4687
724	728
736	1402
639	6025
745	6915
748	6947
751	6979
742	6881
754	7016
757	7055
760	7062
769	7087
771	7093
770	7090
772	7133
775	7136
776	7139
777	7142
422	4552
425	4553
427	4554
439	4555
790	7333
802	7388
805	7432
809	7434
808	7433
810	7466
816	7582
819	7583
822	7584
825	7592
827	7591
826	7593
828	7638
832	7640
831	7639
833	7635
835	7637
834	7636
841	7742
844	7775
850	7839
847	7807
855	7851
854	7850
853	7849
856	7857
857	7860
858	7893
861	7925
864	7957
867	7992
709	8058
712	8059
879	8126
520	8127
888	8178
900	8207
902	8209
901	8208
903	8242
906	8250
910	8314
907	8282
913	8346
870	8025
873	8057
916	8378
919	8410
922	8442
937	8576
943	8578
940	8577
946	8617
950	8653
953	8661
956	8755
962	8757
959	8756
965	8760
975	516
979	8826
981	8827
983	8859
986	8922
989	8923
992	8928
997	516
1003	524
1000	520
1006	3013
1007	3010
1029	9365
1030	9368
1031	9362
1032	9366
1042	9367
1033	9363
1036	9370
1039	9361
1043	9364
1046	9369
1049	9371
1021	9141
1024	9174
1053	9483
1056	9484
1059	9482
1065	9587
1068	9588
1071	9589
1080	9811
1086	9813
1083	9812
1095	9965
1098	9966
1101	9967
1104	10159
1114	10163
1109	10161
1119	10373
1122	10375
1131	10377
1125	10374
1128	10376
1140	10476
1146	10584
1149	10585
1152	10586
1168	10709
1169	3898
1167	10691
1170	10811
1173	10812
1176	10813
1189	11002
1195	11004
1192	11003
1186	10906
1188	10908
1187	10907
1198	11039
1207	11117
1210	11116
1213	11152
1216	11156
1217	11160
1218	11174
1221	11182
1224	11191
1239	11324
1236	11292
1242	11356
1264	11454
1270	11469
1276	11492
1279	11525
1164	10688
1165	10689
1274	11479
1275	11482
1254	11412
1257	11413
1282	11562
1291	11639
1293	11672
1296	11711
1308	11791
1314	11843
1317	11877
1320	11912
1323	11945
1326	11978
1329	11982
1331	11985
1330	11988
1332	12023
1335	12056
1338	12089
636	6026
258	12097
1344	12130
1350	12172
1353	12222
1359	12271
1362	12304
553	6101
1374	12347
1375	12348
1376	12349
1380	12387
1386	12503
1392	12505
1389	12504
1395	12540
1404	12652
1410	12656
1407	12654
1413	12691
1419	12757
1416	12724
1431	12897
1434	12900
1440	12986
1449	13208
1454	1359
1455	13220
1457	13268
1467	13275
1476	13301
1479	13300
1482	13299
1485	13429
421	4552
1488	13441
1518	13603
1543	13697
1531	13635
1533	13637
1535	13639
1537	13636
1539	13638
1541	13640
1546	13731
1553	13799
1564	13913
1569	13946
1575	13991
1578	14046
1583	14081
1586	14114
1589	14150
1592	14187
1597	14195
1603	14240
1627	14333
1624	14335
1636	14495
1630	14496
1634	14497
1639	14498
1643	14499
1646	14500
1656	14568
1659	14601
1662	14632
1677	14713
1682	14737
1686	14770
1692	14713
1707	14864
1710	14897
1719	14953
1724	14986
1727	15036
1730	15069
1754	15164
1757	15197
1762	15233
1770	15284
1781	15328
1793	15451
1796	15484
1799	15501
1802	15538
1807	15575
1812	15612
1817	15621
1835	15724
1838	15757
1844	15801
1850	15844
876	8094
1422	12824
1853	15904
1861	15949
508	5067
511	5068
1864	15950
1867	16008
1870	16036
1873	16065
1879	16103
1882	16132
1885	16173
1891	16216
1894	16251
1897	16281
1903	16319
1912	16368
1915	16399
1918	16434
1924	16450
1927	16483
1933	16521
1942	16615
1945	16644
1965	16752
1968	16789
1971	16820
1974	16863
1977	16892
1992	16977
2000	17024
2003	17052
2006	17122
2012	17162
2015	17192
2018	17231
2021	17264
2024	17296
2027	17328
2030	17360
2033	17389
2039	17440
2042	17471
2053	17519
2059	17566
